image: carter_outdoor_navigation.png
resolution: 0.05
origin: [-7.425000286102295, -0.6250000357627868, 0.0000]
negate: 0
occupied_thresh: 0.65
free_thresh: 0.196